1.1366e-18 1.7386e-18 -8.6138e-19 -1.0969e-18 2.0381e-19 -9.3308e-21 6.3683e-19 -1.9730e-19 -5.9509e-19 7.5874e-20 -9.8318e-19 -3.1946e-19 1.1811e-19 1.6525e-19 -3.4592e-19 -3.1596e-19 3.1700e-19 1.1934e-19 -4.6016e-19 2.5936e-19 3.6341e-20 3.4745e-20 -1.4736e-19 -1.5865e-19 -2.1136e-19 4.7790e-20 -2.9337e-19 -2.2928e-19 -2.3858e-19 -3.6835e-19 3.4223e-20 9.1958e-20 -1.9684e-19 -2.1633e-19 -8.8704e-21 -1.4024e-19 -6.9598e-20 -1.1021e-19 -1.5347e-21
1.7386e-18 2.6594e-18 -1.3176e-18 -1.6778e-18 3.1174e-19 -1.4272e-20 9.7409e-19 -3.0179e-19 -9.1024e-19 1.1606e-19 -1.5039e-18 -4.8864e-19 1.8066e-19 2.5277e-19 -5.2911e-19 -4.8329e-19 4.8489e-19 1.8254e-19 -7.0386e-19 3.9672e-19 5.5587e-20 5.3146e-20 -2.2540e-19 -2.4268e-19 -3.2329e-19 7.3099e-20 -4.4874e-19 -3.5071e-19 -3.6493e-19 -5.6343e-19 5.2348e-20 1.4066e-19 -3.0108e-19 -3.3089e-19 -1.3568e-20 -2.1451e-19 -1.0646e-19 -1.6857e-19 -2.3474e-21
-8.6138e-19 -1.3176e-18 6.5278e-19 8.3124e-19 -1.5445e-19 7.0712e-21 -4.8261e-19 1.4952e-19 4.5097e-19 -5.7500e-20 7.4508e-19 2.4210e-19 -8.9506e-20 -1.2523e-19 2.6215e-19 2.3944e-19 -2.4023e-19 -9.0437e-20 3.4872e-19 -1.9655e-19 -2.7540e-20 -2.6331e-20 1.1167e-19 1.2023e-19 1.6017e-19 -3.6217e-20 2.2232e-19 1.7376e-19 1.8080e-19 2.7915e-19 -2.5935e-20 -6.9689e-20 1.4917e-19 1.6394e-19 6.7223e-21 1.0628e-19 5.2743e-20 8.3517e-20 1.1630e-21
-1.0969e-18 -1.6778e-18 8.3124e-19 1.0585e-18 -1.9667e-19 9.0043e-21 -6.1454e-19 1.9039e-19 5.7426e-19 -7.3219e-20 9.4877e-19 3.0828e-19 -1.1398e-19 -1.5947e-19 3.3381e-19 3.0490e-19 -3.0591e-19 -1.1516e-19 4.4405e-19 -2.5028e-19 -3.5069e-20 -3.3529e-20 1.4220e-19 1.5310e-19 2.0396e-19 -4.6117e-20 2.8310e-19 2.2126e-19 2.3023e-19 3.5546e-19 -3.3026e-20 -8.8740e-20 1.8995e-19 2.0876e-19 8.5600e-21 1.3533e-19 6.7162e-20 1.0635e-19 1.4810e-21
2.0381e-19 3.1174e-19 -1.5445e-19 -1.9667e-19 3.6543e-20 -1.6731e-21 1.1419e-19 -3.5376e-20 -1.0670e-19 1.3605e-20 -1.7629e-19 -5.7280e-20 2.1177e-20 2.9631e-20 -6.2024e-20 -5.6653e-20 5.6840e-20 2.1398e-20 -8.2508e-20 4.6504e-20 6.5161e-21 6.2299e-21 -2.6422e-20 -2.8448e-20 -3.7897e-20 8.5689e-21 -5.2602e-20 -4.1111e-20 -4.2779e-20 -6.6047e-20 6.1364e-21 1.6488e-20 -3.5294e-20 -3.8789e-20 -1.5905e-21 -2.5145e-20 -1.2479e-20 -1.9760e-20 -2.7517e-22
-9.3308e-21 -1.4272e-20 7.0712e-21 9.0043e-21 -1.6731e-21 7.6598e-23 -5.2278e-21 1.6196e-21 4.8851e-21 -6.2286e-22 8.0710e-21 2.6225e-21 -9.6957e-22 -1.3566e-21 2.8397e-21 2.5937e-21 -2.6023e-21 -9.7965e-22 3.7775e-21 -2.1291e-21 -2.9833e-22 -2.8523e-22 1.2097e-21 1.3024e-21 1.7350e-21 -3.9231e-22 2.4083e-21 1.8822e-21 1.9585e-21 3.0239e-21 -2.8094e-22 -7.5489e-22 1.6159e-21 1.7759e-21 7.2818e-23 1.1512e-21 5.7133e-22 9.0469e-22 1.2598e-23
6.3683e-19 9.7409e-19 -4.8261e-19 -6.1454e-19 1.1419e-19 -5.2278e-21 3.5680e-19 -1.1054e-19 -3.3341e-19 4.2510e-20 -5.5085e-19 -1.7898e-19 6.6173e-20 9.2587e-20 -1.9381e-19 -1.7702e-19 1.7761e-19 6.6861e-20 -2.5781e-19 1.4531e-19 2.0361e-20 1.9467e-20 -8.2562e-20 -8.8890e-20 -1.1842e-19 2.6775e-20 -1.6437e-19 -1.2846e-19 -1.3367e-19 -2.0638e-19 1.9174e-20 5.1521e-20 -1.1028e-19 -1.2120e-19 -4.9699e-21 -7.8572e-20 -3.8994e-20 -6.1745e-20 -8.5984e-22
-1.9730e-19 -3.0179e-19 1.4952e-19 1.9039e-19 -3.5376e-20 1.6196e-21 -1.1054e-19 3.4247e-20 1.0329e-19 -1.3170e-20 1.7066e-19 5.5451e-20 -2.0501e-20 -2.8685e-20 6.0044e-20 5.4844e-20 -5.5025e-20 -2.0714e-20 7.9874e-20 -4.5020e-20 -6.3081e-21 -6.0310e-21 2.5579e-20 2.7539e-20 3.6687e-20 -8.2953e-21 5.0923e-20 3.9798e-20 4.1413e-20 6.3939e-20 -5.9405e-21 -1.5962e-20 3.4167e-20 3.7550e-20 1.5397e-21 2.4343e-20 1.2081e-20 1.9129e-20 2.6639e-22
-5.9509e-19 -9.1024e-19 4.5097e-19 5.7426e-19 -1.0670e-19 4.8851e-21 -3.3341e-19 1.0329e-19 3.1156e-19 -3.9724e-20 5.1474e-19 1.6725e-19 -6.1836e-20 -8.6518e-20 1.8110e-19 1.6542e-19 -1.6597e-19 -6.2478e-20 2.4091e-19 -1.3579e-19 -1.9026e-20 -1.8191e-20 7.7150e-20 8.3063e-20 1.1065e-19 -2.5020e-20 1.5359e-19 1.2004e-19 1.2491e-19 1.9285e-19 -1.7918e-20 -4.8144e-20 1.0305e-19 1.1326e-19 4.6441e-21 7.3422e-20 3.6438e-20 5.7698e-20 8.0348e-22
7.5874e-20 1.1606e-19 -5.7500e-20 -7.3219e-20 1.3605e-20 -6.2286e-22 4.2510e-20 -1.3170e-20 -3.9724e-20 5.0649e-21 -6.5630e-20 -2.1325e-20 7.8841e-21 1.1031e-20 -2.3091e-20 -2.1091e-20 2.1161e-20 7.9661e-21 -3.0717e-20 1.7313e-20 2.4259e-21 2.3193e-21 -9.8367e-21 -1.0591e-20 -1.4109e-20 3.1901e-21 -1.9583e-20 -1.5305e-20 -1.5926e-20 -2.4589e-20 2.2845e-21 6.1385e-21 -1.3140e-20 -1.4441e-20 -5.9213e-22 -9.3614e-21 -4.6459e-21 -7.3565e-21 -1.0244e-22
-9.8318e-19 -1.5039e-18 7.4508e-19 9.4877e-19 -1.7629e-19 8.0710e-21 -5.5085e-19 1.7066e-19 5.1474e-19 -6.5630e-20 8.5043e-19 2.7633e-19 -1.0216e-19 -1.4294e-19 2.9921e-19 2.7330e-19 -2.7420e-19 -1.0322e-19 3.9803e-19 -2.2434e-19 -3.1434e-20 -3.0054e-20 1.2746e-19 1.3723e-19 1.8282e-19 -4.1337e-20 2.5376e-19 1.9832e-19 2.0637e-19 3.1862e-19 -2.9603e-20 -7.9542e-20 1.7026e-19 1.8712e-19 7.6728e-21 1.2130e-19 6.0201e-20 9.5325e-20 1.3275e-21
-3.1946e-19 -4.8864e-19 2.4210e-19 3.0828e-19 -5.7280e-20 2.6225e-21 -1.7898e-19 5.5451e-20 1.6725e-19 -2.1325e-20 2.7633e-19 8.9785e-20 -3.3195e-20 -4.6445e-20 9.7221e-20 8.8802e-20 -8.9095e-20 -3.3540e-20 1.2933e-19 -7.2894e-20 -1.0214e-20 -9.7653e-21 4.1416e-20 4.4591e-20 5.9402e-20 -1.3432e-20 8.2453e-20 6.4440e-20 6.7054e-20 1.0353e-19 -9.6186e-21 -2.5845e-20 5.5322e-20 6.0800e-20 2.4931e-21 3.9415e-20 1.9561e-20 3.0974e-20 4.3133e-22
1.1811e-19 1.8066e-19 -8.9506e-20 -1.1398e-19 2.1177e-20 -9.6957e-22 6.6173e-20 -2.0501e-20 -6.1836e-20 7.8841e-21 -1.0216e-19 -3.3195e-20 1.2273e-20 1.7172e-20 -3.5944e-20 -3.2831e-20 3.2940e-20 1.2400e-20 -4.7815e-20 2.6950e-20 3.7762e-21 3.6104e-21 -1.5312e-20 -1.6486e-20 -2.1962e-20 4.9658e-21 -3.0484e-20 -2.3825e-20 -2.4791e-20 -3.8276e-20 3.5561e-21 9.5554e-21 -2.0453e-20 -2.2479e-20 -9.2173e-22 -1.4572e-20 -7.2319e-21 -1.1451e-20 -1.5947e-22
1.6525e-19 2.5277e-19 -1.2523e-19 -1.5947e-19 2.9631e-20 -1.3566e-21 9.2587e-20 -2.8685e-20 -8.6518e-20 1.1031e-20 -1.4294e-19 -4.6445e-20 1.7172e-20 2.4026e-20 -5.0292e-20 -4.5937e-20 4.6088e-20 1.7350e-20 -6.6901e-20 3.7708e-20 5.2836e-21 5.0515e-21 -2.1424e-20 -2.3066e-20 -3.0729e-20 6.9481e-21 -4.2652e-20 -3.3335e-20 -3.4687e-20 -5.3554e-20 4.9756e-21 1.3370e-20 -2.8618e-20 -3.1451e-20 -1.2897e-21 -2.0389e-20 -1.0119e-20 -1.6022e-20 -2.2312e-22
-3.4592e-19 -5.2911e-19 2.6215e-19 3.3381e-19 -6.2024e-20 2.8397e-21 -1.9381e-19 6.0044e-20 1.8110e-19 -2.3091e-20 2.9921e-19 9.7221e-20 -3.5944e-20 -5.0292e-20 1.0527e-19 9.6156e-20 -9.6474e-20 -3.6318e-20 1.4004e-19 -7.8932e-20 -1.1060e-20 -1.0574e-20 4.4846e-20 4.8284e-20 6.4322e-20 -1.4544e-20 8.9281e-20 6.9777e-20 7.2608e-20 1.1210e-19 -1.0415e-20 -2.7986e-20 5.9904e-20 6.5835e-20 2.6996e-21 4.2679e-20 2.1181e-20 3.3539e-20 4.6705e-22
-3.1596e-19 -4.8329e-19 2.3944e-19 3.0490e-19 -5.6653e-20 2.5937e-21 -1.7702e-19 5.4844e-20 1.6542e-19 -2.1091e-20 2.7330e-19 8.8802e-20 -3.2831e-20 -4.5937e-20 9.6156e-20 8.7829e-20 -8.8119e-20 -3.3173e-20 1.2791e-19 -7.2096e-20 -1.0102e-20 -9.6583e-21 4.0962e-20 4.4102e-20 5.8752e-20 -1.3284e-20 8.1549e-20 6.3734e-20 6.6320e-20 1.0239e-19 -9.5132e-21 -2.5562e-20 5.4716e-20 6.0134e-20 2.4658e-21 3.8983e-20 1.9346e-20 3.0634e-20 4.2660e-22
3.1700e-19 4.8489e-19 -2.4023e-19 -3.0591e-19 5.6840e-20 -2.6023e-21 1.7761e-19 -5.5025e-20 -1.6597e-19 2.1161e-20 -2.7420e-19 -8.9095e-20 3.2940e-20 4.6088e-20 -9.6474e-20 -8.8119e-20 8.8410e-20 3.3282e-20 -1.2834e-19 7.2334e-20 1.0135e-20 9.6902e-21 -4.1098e-20 -4.4248e-20 -5.8946e-20 1.3328e-20 -8.1819e-20 -6.3945e-20 -6.6539e-20 -1.0273e-19 9.5447e-21 2.5646e-20 -5.4897e-20 -6.0333e-20 -2.4739e-21 -3.9112e-20 -1.9410e-20 -3.0736e-20 -4.2801e-22
1.1934e-19 1.8254e-19 -9.0437e-20 -1.1516e-19 2.1398e-20 -9.7965e-22 6.6861e-20 -2.0714e-20 -6.2478e-20 7.9661e-21 -1.0322e-19 -3.3540e-20 1.2400e-20 1.7350e-20 -3.6318e-20 -3.3173e-20 3.3282e-20 1.2529e-20 -4.8312e-20 2.7230e-20 3.8155e-21 3.6479e-21 -1.5471e-20 -1.6657e-20 -2.2190e-20 5.0175e-21 -3.0801e-20 -2.4072e-20 -2.5049e-20 -3.8674e-20 3.5931e-21 9.6547e-21 -2.0666e-20 -2.2712e-20 -9.3131e-22 -1.4724e-20 -7.3071e-21 -1.1570e-20 -1.6113e-22
-4.6016e-19 -7.0386e-19 3.4872e-19 4.4405e-19 -8.2508e-20 3.7775e-21 -2.5781e-19 7.9874e-20 2.4091e-19 -3.0717e-20 3.9803e-19 1.2933e-19 -4.7815e-20 -6.6901e-20 1.4004e-19 1.2791e-19 -1.2834e-19 -4.8312e-20 1.8629e-19 -1.0500e-19 -1.4712e-20 -1.4066e-20 5.9657e-20 6.4230e-20 8.5565e-20 -1.9347e-20 1.1877e-19 9.2822e-20 9.6587e-20 1.4912e-19 -1.3855e-20 -3.7228e-20 7.9688e-20 8.7578e-20 3.5911e-21 5.6774e-20 2.8176e-20 4.4615e-20 6.2130e-22
2.5936e-19 3.9672e-19 -1.9655e-19 -2.5028e-19 4.6504e-20 -2.1291e-21 1.4531e-19 -4.5020e-20 -1.3579e-19 1.7313e-20 -2.2434e-19 -7.2894e-20 2.6950e-20 3.7708e-20 -7.8932e-20 -7.2096e-20 7.2334e-20 2.7230e-20 -1.0500e-19 5.9181e-20 8.2924e-21 7.9282e-21 -3.3625e-20 -3.6202e-20 -4.8227e-20 1.0905e-20 -6.6941e-20 -5.2318e-20 -5.4440e-20 -8.4051e-20 7.8091e-21 2.0983e-20 -4.4915e-20 -4.9362e-20 -2.0241e-21 -3.2000e-20 -1.5881e-20 -2.5147e-20 -3.5018e-22
3.6341e-20 5.5587e-20 -2.7540e-20 -3.5069e-20 6.5161e-21 -2.9833e-22 2.0361e-20 -6.3081e-21 -1.9026e-20 2.4259e-21 -3.1434e-20 -1.0214e-20 3.7762e-21 5.2836e-21 -1.1060e-20 -1.0102e-20 1.0135e-20 3.8155e-21 -1.4712e-20 8.2924e-21 1.1619e-21 1.1109e-21 -4.7114e-21 -5.0726e-21 -6.7575e-21 1.5280e-21 -9.3797e-21 -7.3306e-21 -7.6280e-21 -1.1777e-20 1.0942e-21 2.9401e-21 -6.2934e-21 -6.9165e-21 -2.8361e-22 -4.4838e-21 -2.2252e-21 -3.5235e-21 -4.9067e-23
3.4745e-20 5.3146e-20 -2.6331e-20 -3.3529e-20 6.2299e-21 -2.8523e-22 1.9467e-20 -6.0310e-21 -1.8191e-20 2.3193e-21 -3.0054e-20 -9.7653e-21 3.6104e-21 5.0515e-21 -1.0574e-20 -9.6583e-21 9.6902e-21 3.6479e-21 -1.4066e-20 7.9282e-21 1.1109e-21 1.0621e-21 -4.5045e-21 -4.8498e-21 -6.4608e-21 1.4608e-21 -8.9677e-21 -7.0087e-21 -7.2930e-21 -1.1260e-20 1.0461e-21 2.8110e-21 -6.0170e-21 -6.6128e-21 -2.7115e-22 -4.2868e-21 -2.1275e-21 -3.3688e-21 -4.6912e-23
-1.4736e-19 -2.2540e-19 1.1167e-19 1.4220e-19 -2.6422e-20 1.2097e-21 -8.2562e-20 2.5579e-20 7.7150e-20 -9.8367e-21 1.2746e-19 4.1416e-20 -1.5312e-20 -2.1424e-20 4.4846e-20 4.0962e-20 -4.1098e-20 -1.5471e-20 5.9657e-20 -3.3625e-20 -4.7114e-21 -4.5045e-21 1.9104e-20 2.0569e-20 2.7401e-20 -6.1957e-21 3.8034e-20 2.9725e-20 3.0931e-20 4.7755e-20 -4.4369e-21 -1.1922e-20 2.5519e-20 2.8046e-20 1.1500e-21 1.8181e-20 9.0230e-21 1.4288e-20 1.9896e-22
-1.5865e-19 -2.4268e-19 1.2023e-19 1.5310e-19 -2.8448e-20 1.3024e-21 -8.8890e-20 2.7539e-20 8.3063e-20 -1.0591e-20 1.3723e-19 4.4591e-20 -1.6486e-20 -2.3066e-20 4.8284e-20 4.4102e-20 -4.4248e-20 -1.6657e-20 6.4230e-20 -3.6202e-20 -5.0726e-21 -4.8498e-21 2.0569e-20 2.2145e-20 2.9501e-20 -6.6706e-21 4.0949e-20 3.2003e-20 3.3302e-20 5.1415e-20 -4.7770e-21 -1.2836e-20 2.7475e-20 3.0196e-20 1.2382e-21 1.9575e-20 9.7146e-21 1.5383e-20 2.1421e-22
-2.1136e-19 -3.2329e-19 1.6017e-19 2.0396e-19 -3.7897e-20 1.7350e-21 -1.1842e-19 3.6687e-20 1.1065e-19 -1.4109e-20 1.8282e-19 5.9402e-20 -2.1962e-20 -3.0729e-20 6.4322e-20 5.8752e-20 -5.8946e-20 -2.2190e-20 8.5565e-20 -4.8227e-20 -6.7575e-21 -6.4608e-21 2.7401e-20 2.9501e-20 3.9301e-20 -8.8864e-21 5.4551e-20 4.2634e-20 4.4363e-20 6.8494e-20 -6.3637e-21 -1.7099e-20 3.6601e-20 4.0226e-20 1.6494e-21 2.6077e-20 1.2941e-20 2.0492e-20 2.8537e-22
4.7790e-20 7.3099e-20 -3.6217e-20 -4.6117e-20 8.5689e-21 -3.9231e-22 2.6775e-20 -8.2953e-21 -2.5020e-20 3.1901e-21 -4.1337e-20 -1.3432e-20 4.9658e-21 6.9481e-21 -1.4544e-20 -1.3284e-20 1.3328e-20 5.0175e-21 -1.9347e-20 1.0905e-20 1.5280e-21 1.4608e-21 -6.1957e-21 -6.6706e-21 -8.8864e-21 2.0093e-21 -1.2335e-20 -9.6400e-21 -1.0031e-20 -1.5487e-20 1.4389e-21 3.8663e-21 -8.2760e-21 -9.0955e-21 -3.7295e-22 -5.8963e-21 -2.9262e-21 -4.6335e-21 -6.4525e-23
-2.9337e-19 -4.4874e-19 2.2232e-19 2.8310e-19 -5.2602e-20 2.4083e-21 -1.6437e-19 5.0923e-20 1.5359e-19 -1.9583e-20 2.5376e-19 8.2453e-20 -3.0484e-20 -4.2652e-20 8.9281e-20 8.1549e-20 -8.1819e-20 -3.0801e-20 1.1877e-19 -6.6941e-20 -9.3797e-21 -8.9677e-21 3.8034e-20 4.0949e-20 5.4551e-20 -1.2335e-20 7.5719e-20 5.9178e-20 6.1578e-20 9.5072e-20 -8.8331e-21 -2.3734e-20 5.0804e-20 5.5835e-20 2.2895e-21 3.6196e-20 1.7963e-20 2.8444e-20 3.9610e-22
-2.2928e-19 -3.5071e-19 1.7376e-19 2.2126e-19 -4.1111e-20 1.8822e-21 -1.2846e-19 3.9798e-20 1.2004e-19 -1.5305e-20 1.9832e-19 6.4440e-20 -2.3825e-20 -3.3335e-20 6.9777e-20 6.3734e-20 -6.3945e-20 -2.4072e-20 9.2822e-20 -5.2318e-20 -7.3306e-21 -7.0087e-21 2.9725e-20 3.2003e-20 4.2634e-20 -9.6400e-21 5.9178e-20 4.6250e-20 4.8126e-20 7.4303e-20 -6.9034e-21 -1.8550e-20 3.9706e-20 4.3637e-20 1.7893e-21 2.8289e-20 1.4039e-20 2.2230e-20 3.0957e-22
-2.3858e-19 -3.6493e-19 1.8080e-19 2.3023e-19 -4.2779e-20 1.9585e-21 -1.3367e-19 4.1413e-20 1.2491e-19 -1.5926e-20 2.0637e-19 6.7054e-20 -2.4791e-20 -3.4687e-20 7.2608e-20 6.6320e-20 -6.6539e-20 -2.5049e-20 9.6587e-20 -5.4440e-20 -7.6280e-21 -7.2930e-21 3.0931e-20 3.3302e-20 4.4363e-20 -1.0031e-20 6.1578e-20 4.8126e-20 5.0078e-20 7.7317e-20 -7.1835e-21 -1.9302e-20 4.1316e-20 4.5407e-20 1.8619e-21 2.9436e-20 1.4609e-20 2.3132e-20 3.2213e-22
-3.6835e-19 -5.6343e-19 2.7915e-19 3.5546e-19 -6.6047e-20 3.0239e-21 -2.0638e-19 6.3939e-20 1.9285e-19 -2.4589e-20 3.1862e-19 1.0353e-19 -3.8276e-20 -5.3554e-20 1.1210e-19 1.0239e-19 -1.0273e-19 -3.8674e-20 1.4912e-19 -8.4051e-20 -1.1777e-20 -1.1260e-20 4.7755e-20 5.1415e-20 6.8494e-20 -1.5487e-20 9.5072e-20 7.4303e-20 7.7317e-20 1.1937e-19 -1.1091e-20 -2.9801e-20 6.3789e-20 7.0106e-20 2.8747e-21 4.5447e-20 2.2555e-20 3.5714e-20 4.9734e-22
3.4223e-20 5.2348e-20 -2.5935e-20 -3.3026e-20 6.1364e-21 -2.8094e-22 1.9174e-20 -5.9405e-21 -1.7918e-20 2.2845e-21 -2.9603e-20 -9.6186e-21 3.5561e-21 4.9756e-21 -1.0415e-20 -9.5132e-21 9.5447e-21 3.5931e-21 -1.3855e-20 7.8091e-21 1.0942e-21 1.0461e-21 -4.4369e-21 -4.7770e-21 -6.3637e-21 1.4389e-21 -8.8331e-21 -6.9034e-21 -7.1835e-21 -1.1091e-20 1.0304e-21 2.7688e-21 -5.9266e-21 -6.5134e-21 -2.6708e-22 -4.2225e-21 -2.0955e-21 -3.3182e-21 -4.6208e-23
9.1958e-20 1.4066e-19 -6.9689e-20 -8.8740e-20 1.6488e-20 -7.5489e-22 5.1521e-20 -1.5962e-20 -4.8144e-20 6.1385e-21 -7.9542e-20 -2.5845e-20 9.5554e-21 1.3370e-20 -2.7986e-20 -2.5562e-20 2.5646e-20 9.6547e-21 -3.7228e-20 2.0983e-20 2.9401e-21 2.8110e-21 -1.1922e-20 -1.2836e-20 -1.7099e-20 3.8663e-21 -2.3734e-20 -1.8550e-20 -1.9302e-20 -2.9801e-20 2.7688e-21 7.4397e-21 -1.5925e-20 -1.7502e-20 -7.1764e-22 -1.1346e-20 -5.6307e-21 -8.9159e-21 -1.2416e-22
-1.9684e-19 -3.0108e-19 1.4917e-19 1.8995e-19 -3.5294e-20 1.6159e-21 -1.1028e-19 3.4167e-20 1.0305e-19 -1.3140e-20 1.7026e-19 5.5322e-20 -2.0453e-20 -2.8618e-20 5.9904e-20 5.4716e-20 -5.4897e-20 -2.0666e-20 7.9688e-20 -4.4915e-20 -6.2934e-21 -6.0170e-21 2.5519e-20 2.7475e-20 3.6601e-20 -8.2760e-21 5.0804e-20 3.9706e-20 4.1316e-20 6.3789e-20 -5.9266e-21 -1.5925e-20 3.4087e-20 3.7463e-20 1.5361e-21 2.4286e-20 1.2053e-20 1.9085e-20 2.6577e-22
-2.1633e-19 -3.3089e-19 1.6394e-19 2.0876e-19 -3.8789e-20 1.7759e-21 -1.2120e-19 3.7550e-20 1.1326e-19 -1.4441e-20 1.8712e-19 6.0800e-20 -2.2479e-20 -3.1451e-20 6.5835e-20 6.0134e-20 -6.0333e-20 -2.2712e-20 8.7578e-20 -4.9362e-20 -6.9165e-21 -6.6128e-21 2.8046e-20 3.0196e-20 4.0226e-20 -9.0955e-21 5.5835e-20 4.3637e-20 4.5407e-20 7.0106e-20 -6.5134e-21 -1.7502e-20 3.7463e-20 4.1172e-20 1.6882e-21 2.6691e-20 1.3246e-20 2.0974e-20 2.9208e-22
-8.8704e-21 -1.3568e-20 6.7223e-21 8.5600e-21 -1.5905e-21 7.2818e-23 -4.9699e-21 1.5397e-21 4.6441e-21 -5.9213e-22 7.6728e-21 2.4931e-21 -9.2173e-22 -1.2897e-21 2.6996e-21 2.4658e-21 -2.4739e-21 -9.3131e-22 3.5911e-21 -2.0241e-21 -2.8361e-22 -2.7115e-22 1.1500e-21 1.2382e-21 1.6494e-21 -3.7295e-22 2.2895e-21 1.7893e-21 1.8619e-21 2.8747e-21 -2.6708e-22 -7.1764e-22 1.5361e-21 1.6882e-21 6.9225e-23 1.0944e-21 5.4314e-22 8.6005e-22 1.1977e-23
-1.4024e-19 -2.1451e-19 1.0628e-19 1.3533e-19 -2.5145e-20 1.1512e-21 -7.8572e-20 2.4343e-20 7.3422e-20 -9.3614e-21 1.2130e-19 3.9415e-20 -1.4572e-20 -2.0389e-20 4.2679e-20 3.8983e-20 -3.9112e-20 -1.4724e-20 5.6774e-20 -3.2000e-20 -4.4838e-21 -4.2868e-21 1.8181e-20 1.9575e-20 2.6077e-20 -5.8963e-21 3.6196e-20 2.8289e-20 2.9436e-20 4.5447e-20 -4.2225e-21 -1.1346e-20 2.4286e-20 2.6691e-20 1.0944e-21 1.7303e-20 8.5869e-21 1.3597e-20 1.8935e-22
-6.9598e-20 -1.0646e-19 5.2743e-20 6.7162e-20 -1.2479e-20 5.7133e-22 -3.8994e-20 1.2081e-20 3.6438e-20 -4.6459e-21 6.0201e-20 1.9561e-20 -7.2319e-21 -1.0119e-20 2.1181e-20 1.9346e-20 -1.9410e-20 -7.3071e-21 2.8176e-20 -1.5881e-20 -2.2252e-21 -2.1275e-21 9.0230e-21 9.7146e-21 1.2941e-20 -2.9262e-21 1.7963e-20 1.4039e-20 1.4609e-20 2.2555e-20 -2.0955e-21 -5.6307e-21 1.2053e-20 1.3246e-20 5.4314e-22 8.5869e-21 4.2615e-21 6.7480e-21 9.3970e-23
-1.1021e-19 -1.6857e-19 8.3517e-20 1.0635e-19 -1.9760e-20 9.0469e-22 -6.1745e-20 1.9129e-20 5.7698e-20 -7.3565e-21 9.5325e-20 3.0974e-20 -1.1451e-20 -1.6022e-20 3.3539e-20 3.0634e-20 -3.0736e-20 -1.1570e-20 4.4615e-20 -2.5147e-20 -3.5235e-21 -3.3688e-21 1.4288e-20 1.5383e-20 2.0492e-20 -4.6335e-21 2.8444e-20 2.2230e-20 2.3132e-20 3.5714e-20 -3.3182e-21 -8.9159e-21 1.9085e-20 2.0974e-20 8.6005e-22 1.3597e-20 6.7480e-21 1.0685e-20 1.4880e-22
-1.5347e-21 -2.3474e-21 1.1630e-21 1.4810e-21 -2.7517e-22 1.2598e-23 -8.5984e-22 2.6639e-22 8.0348e-22 -1.0244e-22 1.3275e-21 4.3133e-22 -1.5947e-22 -2.2312e-22 4.6705e-22 4.2660e-22 -4.2801e-22 -1.6113e-22 6.2130e-22 -3.5018e-22 -4.9067e-23 -4.6912e-23 1.9896e-22 2.1421e-22 2.8537e-22 -6.4525e-23 3.9610e-22 3.0957e-22 3.2213e-22 4.9734e-22 -4.6208e-23 -1.2416e-22 2.6577e-22 2.9208e-22 1.1977e-23 1.8935e-22 9.3970e-23 1.4880e-22 2.0721e-24
